function delta=parabola(y)
%x=[1,0,1;-1,0,1;1,1,1];y=[1,2,1];
x=[0.5000    -0.5000         0;
   -1.0000    0       1.0000;
    0.5000    0.5000         0];
a=y'*x;
delta=-a(2)/2/a(1);
end